Module:
    onebrc.06_polars_read_csv
AvgExecTime / Variance:
    11.147 / 0.151
ExecTimes:
    (2) 10.46512297299978
    (1) 10.63147152900001
    (0) 10.88679222599967
    (8) 11.072223744999974
    (3) 11.142605179999919
    (6) 11.266447230000267
    (4) 11.392972561000533
    (7) 11.466558923000775
    (9) 11.487478625000222
    (5) 11.65676819500004

Module:
    onebrc.06_polars_scan_csv
AvgExecTime / Variance:
    10.969 / 0.066
ExecTimes:
    (4) 10.428970988000401
    (3) 10.772135526999591
    (2) 10.774882020000405
    (8) 10.923204665999947
    (1) 10.98061621999932
    (6) 11.084302577000017
    (0) 11.098288782999589
    (9) 11.113046921000205
    (7) 11.18962441199983
    (5) 11.320154104999347

Module:
    onebrc.06_polars_scan_csv_streaming
AvgExecTime / Variance:
    4.872 / 0.0
ExecTimes:
    (4) 4.84469902300043
    (2) 4.849916638999275
    (8) 4.856490928999847
    (3) 4.859745472999748
    (0) 4.865942186999746
    (1) 4.878355570999702
    (6) 4.87881273199946
    (7) 4.8877882610004235
    (9) 4.8937042999996265
    (5) 4.895761275000041
