Compression: uncompressed
Module:
    onebrc.10_parquet_polars_read_parquet
AvgExecTime / Variance:
    Killed

Module:
    onebrc.10_parquet_polars_scan_parquet
AvgExecTime / Variance:
    9.579 / 0.107
ExecTimes:
    (7) 9.280131711999275
    (5) 9.355461527000443
    (4) 9.394750432000365
    (8) 9.400285798999903
    (6) 9.40169791399967
    (9) 9.487163945000248
    (2) 9.62628223899992
    (3) 9.679772063999735
    (1) 9.75287574199956
    (0) 10.402955751999798

Module:
    onebrc.10_parquet_polars_scan_parquet_streaming
AvgExecTime / Variance:
    4.089 / 0.0
ExecTimes:
    (4) 4.0519543029995475
    (2) 4.0689212050001515
    (1) 4.081902658999752
    (0) 4.082021746000464
    (8) 4.09079456299969
    (3) 4.091557243999887
    (6) 4.093490189000477
    (5) 4.0936186589997305
    (9) 4.1163158290000865
    (7) 4.117840404000162

Module:
    onebrc.10_parquet_duckdb
AvgExecTime / Variance:
    3.158 / 0.0
ExecTimes:
    (1) 3.1423507989993595
    (8) 3.150353613000334
    (0) 3.1516511180007
    (3) 3.15677321900057
    (6) 3.158201691000613
    (4) 3.159360270000434
    (2) 3.16180568100026
    (9) 3.162371229999735
    (7) 3.167009470999801
    (5) 3.1688728139997693

Module:
    onebrc.10_parquet_pyarrow
AvgExecTime / Variance:
    2.268 / 0.005
ExecTimes:
    (0) 2.1994492750000063
    (9) 2.216038882000248
    (1) 2.2318586030005463
    (5) 2.2319378909996885
    (4) 2.244716402999984
    (8) 2.247517167999831
    (6) 2.257694666000134
    (3) 2.2725942340002803
    (2) 2.3789778139998816
    (7) 2.3991442939995977

Module:
    onebrc.10_parquet_pyarrow_memory_map
AvgExecTime / Variance:
    2.051 / 0.01
ExecTimes:
    (4) 1.9811096910007109
    (6) 2.007158098000218
    (2) 2.0081259660000796
    (5) 2.008835960000397
    (1) 2.0118647780000174
    (3) 2.0234471550002127
    (8) 2.0298903240000072
    (9) 2.0332222560000446
    (7) 2.0635653630006345
    (0) 2.3353073170001153

Compression: lz4
Module:
    onebrc.10_parquet_polars_read_parquet
AvgExecTime / Variance:
    Killed

Module:
    onebrc.10_parquet_polars_scan_parquet
AvgExecTime / Variance:
    9.613 / 0.1
ExecTimes:
    (5) 9.156229049000103
    (9) 9.33998773500025
    (8) 9.35665993099974
    (3) 9.386994782999864
    (7) 9.554860965000444
    (4) 9.562572482000178
    (1) 9.848878237999998
    (2) 9.87565498299955
    (6) 9.878271747999861
    (0) 10.163718106000488

Module:
    onebrc.10_parquet_polars_scan_parquet_streaming
AvgExecTime / Variance:
    4.268 / 0.0
ExecTimes:
    (7) 4.243376278999676
    (4) 4.247461255000417
    (3) 4.2588565209998706
    (0) 4.261032632999559
    (6) 4.2673496130000785
    (5) 4.269193297000129
    (2) 4.270146951999777
    (1) 4.278976240000702
    (8) 4.282495350000318
    (9) 4.299589476999245

Module:
    onebrc.10_parquet_duckdb
AvgExecTime / Variance:
    3.294 / 0.0
ExecTimes:
    (0) 3.2836382699997557
    (4) 3.2906354480001028
    (9) 3.2911576180003976
    (2) 3.291607610000028
    (6) 3.2924461129996416
    (3) 3.2929218070003117
    (7) 3.293937628999629
    (5) 3.2957561719995283
    (1) 3.2995612730001085
    (8) 3.3018274720006957

Module:
    onebrc.10_parquet_pyarrow
AvgExecTime / Variance:
    2.316 / 0.002
ExecTimes:
    (0) 2.269880216999809
    (1) 2.2776099150005393
    (8) 2.2984423970001444
    (6) 2.2985532410002634
    (3) 2.3008858440007316
    (7) 2.3050979519994144
    (5) 2.307071600999734
    (9) 2.32733885000016
    (2) 2.334158417999788
    (4) 2.4391026439998313

Module:
    onebrc.10_parquet_pyarrow_memory_map
AvgExecTime / Variance:
    2.154 / 0.007
ExecTimes:
    (7) 2.0928376399997433
    (4) 2.099340007000137
    (2) 2.1015809600003195
    (5) 2.1032811710001624
    (6) 2.104004195000016
    (3) 2.1143936700000268
    (8) 2.117432070000177
    (1) 2.2060506190000524
    (0) 2.283347821999996
    (9) 2.3111479700000928
