Module:
    onebrc.06_polars_read_csv
AvgExecTime / Variance:
    10.383 / 0.325
ExecTimes:
    (1) 9.440387857999667
    (0) 9.799807755999609
    (3) 9.881330895999781
    (2) 9.965395838999939
    (9) 10.511736149999706
    (6) 10.623257190000004
    (7) 10.678613099999893
    (5) 10.77309386700017
    (8) 11.050511121999989
    (4) 11.098134020000543

Module:
    onebrc.06_polars_scan_csv
AvgExecTime / Variance:
    10.521 / 0.022
ExecTimes:
    (5) 10.25448086600045
    (1) 10.355616058999658
    (4) 10.461060392000036
    (2) 10.48950444699949
    (9) 10.513550179000049
    (3) 10.52378336699985
    (8) 10.538426558000538
    (6) 10.644852863999404
    (0) 10.672219372000654
    (7) 10.753792462000092

Module:
    onebrc.06_polars_scan_csv_streaming
AvgExecTime / Variance:
    4.907 / 0.0
ExecTimes:
    (4) 4.876145539999925
    (5) 4.886978436999925
    (9) 4.890496334999625
    (2) 4.890857709999182
    (0) 4.903740085000209
    (7) 4.904203019000306
    (6) 4.913913608000257
    (8) 4.91816024200034
    (3) 4.937814098999297
    (1) 4.940315278999151
