Compression: uncompressed
Module:
    onebrc.10_parquet_polars_read_parquet
AvgExecTime / Variance:
    Killed

Module:
    onebrc.10_parquet_polars_scan_parquet
AvgExecTime / Variance:
    9.379 / 0.199
ExecTimes:
    (2) 8.833660083999803
    (9) 9.094321477999983
    (4) 9.180876414000068
    (1) 9.19760826699985
    (7) 9.219402028999866
    (8) 9.229476260999945
    (6) 9.450095817000147
    (3) 9.476747422000244
    (5) 9.621605272000124
    (0) 10.482624346000193

Module:
    onebrc.10_parquet_polars_scan_parquet_streaming
AvgExecTime / Variance:
    4.087 / 0.0
ExecTimes:
    (1) 4.065000392999991
    (2) 4.074938535999991
    (5) 4.078085927999837
    (6) 4.080348470999979
    (3) 4.085825922000367
    (7) 4.091922633000195
    (9) 4.092143137999301
    (4) 4.09340512999961
    (8) 4.097999621999861
    (0) 4.1092770800000835

Module:
    onebrc.10_parquet_duckdb
AvgExecTime / Variance:
    3.159 / 0.0
ExecTimes:
    (0) 3.147290289999546
    (9) 3.150125465000201
    (7) 3.1528227759999936
    (2) 3.154516643000534
    (6) 3.1567037280001387
    (8) 3.1578735869998127
    (5) 3.158238328999687
    (1) 3.1602394589999676
    (3) 3.1682042419997742
    (4) 3.1754152470002737

Module:
    onebrc.10_parquet_pyarrow
AvgExecTime / Variance:
    2.266 / 0.005
ExecTimes:
    (2) 2.202816218999942
    (3) 2.2138715780001803
    (5) 2.217227410000305
    (0) 2.231042075000005
    (7) 2.2399959869999293
    (6) 2.257848806999391
    (9) 2.261119511999823
    (4) 2.269842097000037
    (8) 2.3369085730000734
    (1) 2.422171280999464

Module:
    onebrc.10_parquet_pyarrow_memory_map
AvgExecTime / Variance:
    2.054 / 0.003
ExecTimes:
    (6) 2.0087879830007296
    (4) 2.022130475999802
    (7) 2.0239405459997215
    (8) 2.0276192130004347
    (5) 2.0282047959999545
    (9) 2.031893155999569
    (1) 2.0352723229998446
    (3) 2.0633051539998633
    (0) 2.0849255720004294
    (2) 2.209660415000144

Compression: lz4
Module:
    onebrc.10_parquet_polars_read_parquet
AvgExecTime / Variance:
    Killed

Module:
    onebrc.10_parquet_polars_scan_parquet
AvgExecTime / Variance:
    9.725 / 0.117
ExecTimes:
    (8) 8.987909100999786
    (3) 9.495272903000114
    (7) 9.559057118000055
    (5) 9.664143238999714
    (6) 9.771522959000322
    (4) 9.803591074999531
    (1) 9.84662433899939
    (2) 9.870690390999698
    (9) 9.947469718999855
    (0) 10.297270160000153

Module:
    onebrc.10_parquet_polars_scan_parquet_streaming
AvgExecTime / Variance:
    4.284 / 0.0
ExecTimes:
    (9) 4.266678785000295
    (5) 4.271773606000352
    (0) 4.2777483509999
    (3) 4.280137097000079
    (7) 4.285035083999901
    (1) 4.286769471999833
    (8) 4.28742162799972
    (2) 4.289287735000471
    (4) 4.291531760999533
    (6) 4.298003120999965

Module:
    onebrc.10_parquet_duckdb
AvgExecTime / Variance:
    3.298 / 0.0
ExecTimes:
    (9) 3.292800766000255
    (1) 3.292987718000404
    (3) 3.293257758999971
    (5) 3.2939078980007253
    (8) 3.295400678000078
    (7) 3.2957136579998405
    (6) 3.297803696000301
    (2) 3.29914267499953
    (4) 3.30296549600007
    (0) 3.306692474000556

Module:
    onebrc.10_parquet_pyarrow
AvgExecTime / Variance:
    2.338 / 0.004
ExecTimes:
    (0) 2.2838151750002
    (6) 2.284183020000455
    (8) 2.295486996999898
    (7) 2.296222445999774
    (5) 2.3042092460000276
    (4) 2.3060800889998063
    (2) 2.3143151600006604
    (1) 2.401600521000546
    (3) 2.4191170820004118
    (9) 2.470649892000438

Module:
    onebrc.10_parquet_pyarrow_memory_map
AvgExecTime / Variance:
    2.146 / 0.008
ExecTimes:
    (1) 2.0824599249999665
    (5) 2.0890031740000268
    (4) 2.100024698999732
    (2) 2.100083389000247
    (9) 2.10842788500031
    (6) 2.1093566500003362
    (8) 2.117823669000245
    (7) 2.1213722689999486
    (0) 2.289251307000086
    (3) 2.3414380929998515
