Module:
    onebrc.07_duckdb
AvgExecTime / Variance:
    4.95 / 0.218
ExecTimes:
    (0) 4.488423701000102
    (1) 4.4996048329994665
    (2) 4.513138397999683
    (3) 4.531294923000132
    (4) 4.53767640300066
    (5) 5.169438025999625
    (8) 5.423390269000265
    (7) 5.431869588000154
    (9) 5.449739884000337
    (6) 5.455422680000083

Module:
    onebrc.07_duckdb_parallel
AvgExecTime / Variance:
    5.391 / 0.0
ExecTimes:
    (2) 5.369295520999913
    (4) 5.370647864000603
    (0) 5.372412282999903
    (1) 5.375739905000046
    (5) 5.383964575000391
    (7) 5.390635640000255
    (3) 5.3945017519999965
    (6) 5.406273693000003
    (9) 5.409037004000311
    (8) 5.436580087999573
