Module:
    onebrc.07_duckdb
AvgExecTime / Variance:
    4.905 / 0.23
ExecTimes:
    (1) 4.510587941999802
    (3) 4.528582933000507
    (5) 4.528980969999793
    (4) 4.540562582999883
    (0) 4.541705738999553
    (2) 4.554563722999774
    (6) 5.377132629000698
    (9) 5.464164144000279
    (8) 5.484381418999874
    (7) 5.515195034000499

Module:
    onebrc.07_duckdb_parallel
AvgExecTime / Variance:
    5.411 / 0.001
ExecTimes:
    (8) 5.3807968099999925
    (0) 5.382353556999988
    (3) 5.400574362000043
    (4) 5.402694106999661
    (2) 5.405689574000462
    (1) 5.4092055789997175
    (6) 5.415242238999781
    (5) 5.422971918000258
    (7) 5.43516352899951
    (9) 5.454447940999671
