Module:
    onebrc.07_duckdb
AvgExecTime / Variance:
    30.683 / 0.61
ExecTimes:
    (0) 28.55641647700031
    (1) 30.56176956299896
    (2) 30.646579727001154
    (4) 30.780849842998578
    (3) 30.780871863000357
    (5) 30.918281360000037
    (6) 31.04778631100089
    (7) 31.093675830999928
    (8) 31.165554143999543
    (9) 31.270312312999522

Module:
    onebrc.07_duckdb_parallel
AvgExecTime / Variance:
    31.04 / 0.134
ExecTimes:
    (0) 30.48884795899903
    (2) 30.72061571299855
    (1) 30.73288506800054
    (3) 30.80975285599925
    (4) 30.95605260299999
    (5) 31.004708140999355
    (6) 31.216476276998947
    (7) 31.435605431999647
    (9) 31.49264658299944
    (8) 31.53887880000002
