Module:
    onebrc.07_duckdb
AvgExecTime / Variance:
    30.233 / 1.093
ExecTimes:
    (0) 28.456781744000182
    (9) 28.49839067299945
    (7) 29.467089192999993
    (1) 30.450622219999786
    (2) 30.520181484000204
    (3) 30.753480334000415
    (4) 30.895785872000488
    (5) 30.99534568600029
    (8) 31.087077049000072
    (6) 31.201815318001536

Module:
    onebrc.07_duckdb_parallel
AvgExecTime / Variance:
    31.231 / 0.242
ExecTimes:
    (0) 29.96667033199992
    (1) 31.020359617001304
    (2) 31.168626761002088
    (3) 31.23130516099991
    (4) 31.29481167999984
    (5) 31.372440511000605
    (6) 31.399764347999735
    (7) 31.487936278001143
    (8) 31.64063499799886
    (9) 31.725682791002328

