Module:
    onebrc.03_pandas
AvgExecTime:
    20.993
ExecTimes:
    20.739980645001197
    20.81954258600308
    20.86528594899937
    21.000212486000237
    21.038017453000066
    21.04219218199796
    21.059685524000088
    21.107064984997123
    21.119816443999298
    21.13702286100306

Module:
    onebrc.03_pandas_pyarrow
AvgExecTime:
    8.129
ExecTimes:
    8.08523213999797
    8.097084630000609
    8.097475538001163
    8.100988431000587
    8.105419571998937
    8.114067011996667
    8.124831944998732
    8.128958645997045
    8.143487673998607
    8.288651360002405
