Module:
    onebrc.00_native_DictReader
AvgExecTime:
    83.278
ExecTimes:
    82.82657203499912
    83.00944767200053
    83.0371663870028
    83.09128877100011
    83.14235564499904
    83.22704601299847
    83.3269253719991
    83.3747746179979
    83.78360403399711
    83.95359151599769

Module:
    onebrc.01_native_split
AvgExecTime:
    34.641
ExecTimes:
    33.943646468000225
    33.98654305200034
    33.99457344400071
    34.08701910400123
    34.12298757699682
    34.123748751000676
    34.14745203599887
    34.154578798999864
    34.19958051400317
    39.649199183000746

Module:
    onebrc.02_native_read_text
AvgExecTime:
    38.062
ExecTimes:
    37.699731527998665
    37.73208899199744
    37.779334189999645
    37.8069518500015
    37.928329971000494
    38.25636511700213
    38.25696242199774
    38.31539938399874
    38.35254677099874
    38.48812917500254
