Module:
    onebrc.07_duckdb
AvgExecTime / Variance:
    2.291 / 0.0
ExecTimes:
    (2) 2.265701528000136
    (0) 2.2739090439990832
    (1) 2.2750520580011653
    (4) 2.2838458710011764
    (5) 2.294347860999551
    (7) 2.2946549889984453
    (3) 2.29665757300063
    (6) 2.300290443999984
    (8) 2.3059422809983516
    (9) 2.3096066849993804

Module:
    onebrc.07_duckdb_parallel
AvgExecTime / Variance:
    2.674 / 0.022
ExecTimes:
    (0) 2.2598914930003957
    (1) 2.61881086899848
    (5) 2.7218750400006684
    (4) 2.7240827819987317
    (6) 2.724667942000451
    (7) 2.72770065000077
    (8) 2.7296229200001108
    (9) 2.734938825999052
    (3) 2.7441128160007793
    (2) 2.750451677999081
