Compression: uncompressed
Module:
    onebrc.10_parquet_polars_read_parquet
AvgExecTime / Variance:
    3.988 / 0.021
ExecTimes:
    (9) 3.8066973770000914
    (7) 3.8465920250000636
    (8) 3.9046942270001637
    (5) 3.9348379809998733
    (2) 3.942615425999975
    (1) 3.9721866840000075
    (3) 3.9836045440001726
    (6) 4.047274991999984
    (4) 4.123272084999826
    (0) 4.310462324999662

Module:
    onebrc.10_parquet_polars_scan_parquet
AvgExecTime / Variance:
    4.107 / 0.024
ExecTimes:
    (1) 3.879597509999712
    (0) 3.880308556000273
    (8) 4.010502132000056
    (4) 4.017875872999866
    (9) 4.147520725000049
    (5) 4.150524937999762
    (7) 4.182140799000081
    (6) 4.204862819000027
    (2) 4.242390521999823
    (3) 4.352018025999769

Module:
    onebrc.10_parquet_polars_scan_parquet_streaming
AvgExecTime / Variance:
    2.045 / 0.0
ExecTimes:
    (1) 2.0260245720000967
    (2) 2.029997739999999
    (3) 2.0309232889999294
    (0) 2.0372485590000906
    (6) 2.0452626590004
    (4) 2.0457036129996595
    (5) 2.0471670239999185
    (9) 2.051050620999831
    (7) 2.057751059000111
    (8) 2.072900132000086

Module:
    onebrc.10_parquet_duckdb
AvgExecTime / Variance:
    1.587 / 0.0
ExecTimes:
    (4) 1.5806940329998724
    (0) 1.5810116699999526
    (2) 1.5825529670000833
    (9) 1.585957978999886
    (1) 1.588052671999776
    (5) 1.5885744039997007
    (8) 1.5887945280001077
    (3) 1.5890439180002431
    (6) 1.5897827159997178
    (7) 1.5921709919998648

Module:
    onebrc.10_parquet_pyarrow
AvgExecTime / Variance:
    1.104 / 0.002
ExecTimes:
    (0) 1.057401543999731
    (5) 1.0764806879997195
    (4) 1.0777011640002456
    (1) 1.0809606089997033
    (6) 1.086667645000034
    (9) 1.087315996000143
    (8) 1.0885868909999772
    (3) 1.1137672849999944
    (2) 1.181929769999897
    (7) 1.187529326999993

Module:
    onebrc.10_parquet_pyarrow_memory_map
AvgExecTime / Variance:
    1.03 / 0.002
ExecTimes:
    (3) 1.001359753000088
    (5) 1.0040082750001602
    (2) 1.0065754199999901
    (1) 1.0143510920001972
    (8) 1.0159617889999026
    (9) 1.0205204740000227
    (0) 1.0241751280000244
    (4) 1.0260588510000161
    (7) 1.036246011000003
    (6) 1.1436015280000902

Compression: lz4
Module:
    onebrc.10_parquet_polars_read_parquet
AvgExecTime / Variance:
    4.164 / 0.009
ExecTimes:
    (1) 4.0549315690000185
    (2) 4.057386966000195
    (5) 4.098381787000108
    (3) 4.1053876500000115
    (8) 4.1249948519998725
    (7) 4.139132617000087
    (4) 4.200602577000154
    (9) 4.275598272000025
    (6) 4.285395124999923
    (0) 4.298059426000236

Module:
    onebrc.10_parquet_polars_scan_parquet
AvgExecTime / Variance:
    4.162 / 0.013
ExecTimes:
    (0) 3.964583849000064
    (5) 4.039338260000022
    (9) 4.090398819999791
    (4) 4.137397760000113
    (2) 4.15131227799975
    (3) 4.160942112999692
    (7) 4.203677706000235
    (6) 4.2635118709999915
    (8) 4.273398805999932
    (1) 4.332761330999801

Module:
    onebrc.10_parquet_polars_scan_parquet_streaming
AvgExecTime / Variance:
    2.138 / 0.0
ExecTimes:
    (2) 2.127088662999995
    (8) 2.1280862879998494
    (3) 2.1349878800001534
    (9) 2.1355469810000614
    (6) 2.138865559000351
    (1) 2.1398371479999696
    (4) 2.1407503489999726
    (0) 2.1428749000001517
    (7) 2.143144828000004
    (5) 2.147384903999864

Module:
    onebrc.10_parquet_duckdb
AvgExecTime / Variance:
    1.646 / 0.0
ExecTimes:
    (8) 1.6413360159999684
    (1) 1.6414318030001596
    (3) 1.6421677139996973
    (0) 1.6439398489997075
    (9) 1.6448910320000323
    (6) 1.6450988349997715
    (5) 1.646511086999908
    (7) 1.6465343290001329
    (4) 1.6471976289999475
    (2) 1.651017390999641

Module:
    onebrc.10_parquet_pyarrow
AvgExecTime / Variance:
    1.125 / 0.001
ExecTimes:
    (0) 1.10051804800014
    (9) 1.1049314659999254
    (7) 1.1049375950001377
    (2) 1.1109581790001357
    (6) 1.118801054999949
    (5) 1.1211476270000276
    (8) 1.1235750610003379
    (1) 1.1288396049999392
    (4) 1.162800271999913
    (3) 1.1695086419999825

Module:
    onebrc.10_parquet_pyarrow_memory_map
AvgExecTime / Variance:
    1.053 / 0.0
ExecTimes:
    (7) 1.0402084259999356
    (2) 1.0439405160000206
    (1) 1.0444732770001792
    (0) 1.0465927440000087
    (5) 1.0478699509999387
    (4) 1.0501677279999058
    (8) 1.052615493000303
    (6) 1.0646025369997005
    (9) 1.0647435289997702
    (3) 1.0697090119997483
