Compression: uncompressed
Module:
    onebrc.10_parquet_polars_read_parquet
AvgExecTime / Variance:
    3.776 / 0.016
ExecTimes:
    (9) 3.580365929999971
    (3) 3.5987182779999785
    (4) 3.718068368999866
    (5) 3.731523548000041
    (0) 3.773737810000057
    (6) 3.810276609999619
    (7) 3.819062676000158
    (8) 3.822872610000104
    (2) 3.905744073000278
    (1) 3.99091511000006

Module:
    onebrc.10_parquet_polars_scan_parquet
AvgExecTime / Variance:
    3.848 / 0.012
ExecTimes:
    (1) 3.718624423000165
    (4) 3.756651995000084
    (9) 3.7580923440000333
    (0) 3.7661714279997796
    (5) 3.76725313299994
    (3) 3.8887613370002327
    (8) 3.895148595000137
    (2) 3.91919120700004
    (7) 3.955138514000282
    (6) 4.050831674999699

Module:
    onebrc.10_parquet_polars_scan_parquet_streaming
AvgExecTime / Variance:
    2.049 / 0.0
ExecTimes:
    (0) 2.0345062419996793
    (2) 2.0380881259998205
    (9) 2.04138661900015
    (4) 2.047308434000115
    (5) 2.04741123399981
    (1) 2.0479228450003575
    (7) 2.0497550089999095
    (8) 2.0505813470003886
    (3) 2.0529093049999574
    (6) 2.0717713049998565

Module:
    onebrc.10_parquet_duckdb
AvgExecTime / Variance:
    1.583 / 0.0
ExecTimes:
    (1) 1.5682120239998767
    (0) 1.575107418999778
    (3) 1.5763147299999218
    (2) 1.5812065889999758
    (7) 1.5840087080000558
    (6) 1.5843208320002304
    (4) 1.5857587919999787
    (5) 1.5874602420003612
    (8) 1.5889488269999674
    (9) 1.5929127950003021

Module:
    onebrc.10_parquet_pyarrow
AvgExecTime / Variance:
    1.084 / 0.0
ExecTimes:
    (0) 1.0546663509999235
    (2) 1.072948267999891
    (6) 1.07436240800007
    (9) 1.0788547319998543
    (8) 1.0827432510000108
    (7) 1.0875746950000575
    (4) 1.0882167199997639
    (1) 1.0957487680002487
    (5) 1.098595031000059
    (3) 1.0992878280003424

Module:
    onebrc.10_parquet_pyarrow_memory_map
AvgExecTime / Variance:
    1.017 / 0.0
ExecTimes:
    (6) 1.0013765080002486
    (2) 1.0031990190000215
    (5) 1.0111641089997647
    (8) 1.014267851999648
    (4) 1.018326087999867
    (1) 1.0186925240000164
    (3) 1.0203649630002474
    (9) 1.0238062090002131
    (0) 1.0269439859998784
    (7) 1.0303956640000251

Compression: lz4
Module:
    onebrc.10_parquet_polars_read_parquet
AvgExecTime / Variance:
    4.004 / 0.013
ExecTimes:
    (7) 3.8718965690000005
    (9) 3.90436698800022
    (5) 3.929068059000201
    (0) 3.9392948239997168
    (4) 3.93984142599993
    (1) 3.995255842000006
    (6) 4.002515222000056
    (2) 4.08841945200038
    (8) 4.144265979000011
    (3) 4.219093409000379

Module:
    onebrc.10_parquet_polars_scan_parquet
AvgExecTime / Variance:
    3.911 / 0.027
ExecTimes:
    (2) 3.6916530230000717
    (3) 3.771182989999943
    (9) 3.8012436539997907
    (5) 3.8182197209998776
    (0) 3.8703794989996823
    (1) 3.8821084890000748
    (6) 3.9039314730002843
    (8) 4.0546043529998315
    (7) 4.078968530999646
    (4) 4.236151296000116

Module:
    onebrc.10_parquet_polars_scan_parquet_streaming
AvgExecTime / Variance:
    2.134 / 0.0
ExecTimes:
    (4) 2.126081597999928
    (9) 2.1277911649999623
    (2) 2.128289241999937
    (7) 2.1309364920002736
    (3) 2.1319407549999596
    (0) 2.132604598999933
    (5) 2.1344194420003078
    (6) 2.139320279000003
    (1) 2.140928490999613
    (8) 2.1442470679999133

Module:
    onebrc.10_parquet_duckdb
AvgExecTime / Variance:
    1.649 / 0.0
ExecTimes:
    (0) 1.636857830000281
    (1) 1.6414696350002487
    (4) 1.6458786349999173
    (6) 1.645902009999645
    (9) 1.6468652910002675
    (2) 1.650063763000162
    (3) 1.6532604240001092
    (5) 1.6541331690000334
    (7) 1.6542360819998976
    (8) 1.658909856000264

Module:
    onebrc.10_parquet_pyarrow
AvgExecTime / Variance:
    1.111 / 0.0
ExecTimes:
    (0) 1.0824963729996853
    (1) 1.1004543270000795
    (8) 1.1105871439999646
    (9) 1.110937124999964
    (6) 1.1122445770001832
    (5) 1.1138638390002598
    (2) 1.1157185639999625
    (4) 1.1165118649996657
    (3) 1.1190081260001534
    (7) 1.1220898139999917

Module:
    onebrc.10_parquet_pyarrow_memory_map
AvgExecTime / Variance:
    1.05 / 0.0
ExecTimes:
    (3) 1.040757522000149
    (2) 1.0411360680000143
    (0) 1.044900687000336
    (8) 1.0461759090003397
    (7) 1.0462879699998666
    (1) 1.0464765950000583
    (4) 1.049674935999974
    (9) 1.0578116889996636
    (5) 1.0592993280001792
    (6) 1.0626388129999214
