Module:
    onebrc.06_polars_read_csv
AvgExecTime / Variance:
    4.322 / 0.012
ExecTimes:
    (7) 4.231888526999683
    (3) 4.24506416100121
    (9) 4.249037099998532
    (6) 4.263716538000153
    (5) 4.266649013003189
    (4) 4.279826621001121
    (0) 4.318741086000955
    (2) 4.362507503003144
    (8) 4.402926353999646
    (1) 4.5959267639991594

Module:
    onebrc.06_polars_scan_csv
AvgExecTime / Variance:
    4.545 / 0.006
ExecTimes:
    (7) 4.43837073299801
    (8) 4.47287065799901
    (3) 4.499538513999141
    (9) 4.503343960001075
    (6) 4.527290230998915
    (5) 4.536428284998692
    (0) 4.539594453999598
    (1) 4.5936501789983595
    (2) 4.652506657999766
    (4) 4.682965429001342

Module:
    onebrc.06_polars_scan_csv_streaming
AvgExecTime / Variance:
    2.454 / 0.0
ExecTimes:
    (7) 2.4306526580003265
    (3) 2.4315014139974664
    (4) 2.44515377299831
    (5) 2.4466209540005366
    (0) 2.448922348998167
    (1) 2.459015748998354
    (6) 2.4631783719996747
    (2) 2.4703803949996654
    (9) 2.47194965199742
    (8) 2.4723149290002766
