Module:
    onebrc.03_pandas
AvgExecTime / Variance:
    23.727 / 0.034
ExecTimes:
    (0) 23.367197464000128
    (1) 23.43933151300007
    (2) 23.70648645000074
    (7) 23.74240353499954
    (9) 23.783502030000818
    (4) 23.791763639001147
    (6) 23.798747650000223
    (5) 23.799962537999818
    (8) 23.914531454000098
    (3) 23.920245223000165

Module:
    onebrc.03_pandas_pyarrow
AvgExecTime / Variance:
    8.706 / 0.005
ExecTimes:
    (0) 8.660442145999696
    (5) 8.661276433998864
    (3) 8.670021166999504
    (2) 8.685310845999993
    (8) 8.687421687998722
    (4) 8.690550449999137
    (6) 8.691792834999433
    (9) 8.695328298001186
    (7) 8.708718353000222
    (1) 8.899311600998772
