Module:
    onebrc.00_native_DictReader
AvgExecTime / Variance:
    101.018 / 0.27
ExecTimes:
    (8) 100.59986886299885
    (3) 100.6304412740028
    (2) 100.6448624270015
    (7) 100.71426886900008
    (1) 100.76025813800152
    (9) 100.868665168
    (6) 100.88788082999963
    (4) 101.23241048699856
    (5) 101.6798950880002
    (0) 102.15283207299944

Module:
    onebrc.01_native_split
AvgExecTime / Variance:
    39.651 / 0.091
ExecTimes:
    (2) 39.295012839000265
    (0) 39.337485181000375
    (4) 39.35726616500324
    (6) 39.38457350799945
    (8) 39.524497545000486
    (3) 39.7838035829991
    (1) 39.87696818200129
    (5) 39.89852312899893
    (7) 39.94099346499934
    (9) 40.10998665200168

Module:
    onebrc.02_native_read_text
AvgExecTime / Variance:
    43.39 / 0.224
ExecTimes:
    (7) 42.6807680919992
    (6) 42.92253625900048
    (2) 43.033959707001486
    (3) 43.221705642001325
    (8) 43.27580114399825
    (9) 43.310961628998484
    (4) 43.54230280000047
    (5) 43.81700410799749
    (1) 43.866329300999496
    (0) 44.21948422800051
