Module:
    onebrc.04_dask
AvgExecTime / Variance:
    17.312 / 0.009
ExecTimes:
    (7) 17.17554102900067
    (3) 17.189437920000273
    (2) 17.243727356999443
    (4) 17.290823757999533
    (8) 17.301472660999934
    (9) 17.310113219000414
    (5) 17.34355809799854
    (6) 17.38753499000086
    (0) 17.41373719600051
    (1) 17.458213755999168

Module:
    onebrc.04_dask_pyarrow
AvgExecTime / Variance:
    6.989 / 0.004
ExecTimes:
    (4) 6.9090652909999335
    (9) 6.916523873998813
    (8) 6.926810536999255
    (6) 6.951809719999801
    (2) 6.952124740999352
    (1) 7.023938493000969
    (3) 7.02465346200006
    (0) 7.028536888999952
    (5) 7.044024229999195
    (7) 7.106366564999917
