Module:
    onebrc.04_dask
AvgExecTime / Variance:
    16.642 / 0.009
ExecTimes:
    (7) 16.534099018001143
    (9) 16.55353468499925
    (8) 16.564104405999387
    (5) 16.57171598200148
    (3) 16.613068799999382
    (6) 16.64574966299915
    (4) 16.663775364000685
    (2) 16.681843732001653
    (1) 16.790842529000656
    (0) 16.795185987999503

Module:
    onebrc.04_dask_pyarrow
AvgExecTime / Variance:
    6.932 / 0.004
ExecTimes:
    (9) 6.833590292000736
    (3) 6.84620033200008
    (7) 6.8960187650009175
    (1) 6.903103550999731
    (2) 6.926521843000955
    (8) 6.950334618000852
    (6) 6.963993794999624
    (5) 6.993480814000577
    (4) 6.999864596000407
    (0) 7.006655698000031
