Module:
    onebrc.00_native_DictReader_no_gc
AvgExecTime:
    83.206
ExecTimes:
    82.63352538899926
    82.73742940900047
    82.88869535400045
    82.93568073800088
    83.02509028400164
    83.1045845080007
    83.11905140099952
    83.32201300999986
    83.76036241099973
    84.5306977579985

Module:
    onebrc.01_native_split_no_gc
AvgExecTime:
    34.648
ExecTimes:
    34.14471207600218
    34.20958899800098
    34.503965998999774
    34.512202462999994
    34.579065084999456
    34.64450869299981
    34.67292034399725
    35.050845542999014
    35.06564012599847
    35.08824707999884

Module:
    onebrc.02_native_read_text_no_gc
AvgExecTime:
    37.511
ExecTimes:
    37.34157604000211
    37.41958325899759
    37.42533521400037
    37.43917455100018
    37.493527190999885
    37.52515671600122
    37.553207034998195
    37.5766291880027
    37.63613073200031
    37.6945390639994
