Module:
    onebrc.07_duckdb
AvgExecTime:
    2.229
ExecTimes:
    2.2061230590006744
    2.2205428540000867
    2.2206459299995913
    2.2207153370000015
    2.2245402299995476
    2.230547054001363
    2.231576142999984
    2.2374735960002
    2.2439817519989447
    2.2501545639988763

Module:
    onebrc.07_duckdb_parallel
AvgExecTime:
    2.577
ExecTimes:
    2.2031432059993676
    2.3364639100000204
    2.6403479960008553
    2.644148908999341
    2.6495516909999424
    2.6517295300000114
    2.655716006000148
    2.6573828459986544
    2.6610353360010777
    2.663088286000857
