Module:
    onebrc.06_polars_read_csv
AvgExecTime / Variance:
    4.386 / 0.023
ExecTimes:
    (1) 4.22430043300119
    (6) 4.225476799001626
    (4) 4.273822387000109
    (7) 4.275932660999388
    (5) 4.304179824001039
    (9) 4.375451747997431
    (2) 4.4768896640016465
    (0) 4.503649872000096
    (3) 4.518459553000866
    (8) 4.67577368899947

Module:
    onebrc.06_polars_scan_csv
AvgExecTime / Variance:
    4.639 / 0.019
ExecTimes:
    (3) 4.415281651999976
    (1) 4.455297450997023
    (5) 4.5672711199986225
    (8) 4.629393128998345
    (6) 4.629937552999763
    (4) 4.6506320600019535
    (2) 4.657761483002105
    (0) 4.722060091000458
    (9) 4.814430629001436
    (7) 4.842646892997436

Module:
    onebrc.06_polars_scan_csv_streaming
AvgExecTime / Variance:
    2.457 / 0.0
ExecTimes:
    (9) 2.444499552002526
    (7) 2.4464630459988257
    (4) 2.4469823839972378
    (1) 2.4516408950003097
    (3) 2.452686412998446
    (6) 2.459203083999455
    (2) 2.4607044430013048
    (0) 2.466326568999648
    (5) 2.46835064699917
    (8) 2.4730827909988875
